image_width: 640
image_height: 360
camera_name: ardrone_front
camera_matrix:
  rows: 3
  cols: 3
  data: [690.652871, 0.000000, 302.269382, 0.000000, 690.536878, 182.646547, 0.000000, 0.000000, 1.000000]
distortion_model: plumb_bob
distortion_coefficients:
  rows: 1
  cols: 5
  data: [0.138892, -0.510986, 0.000797, -0.000426, 0.000000]
rectification_matrix:
  rows: 3
  cols: 3
  data: [1.000000, 0.000000, 0.000000, 0.000000, 1.000000, 0.000000, 0.000000, 0.000000, 1.000000]
projection_matrix:
  rows: 3
  cols: 4
  data: [693.652695, 0.000000, 300.998829, 0.000000, 0.000000, 695.046566, 182.284998, 0.000000, 0.000000, 0.000000, 1.000000, 0.000000]
